1 0.23040339290339293
2 0.30341710758377427
3 0.35096009700176367
4 0.352590811965812
5 0.31299603174603174
6 0.286910882327549
7 0.2767757705257705
8 0.23675779548586567
9 0.34236303177275396
10 0.3109162414965987
11 0.3227926587301587
12 0.2554146825396825
13 0.2887725122100122
14 0.3106878306878307
15 0.18107638888888888
16 0.2334490740740741
17 0.3137956487956488
18 0.3907325621908955
19 0.17221792757507043
20 0.20406260406260407
21 0.2398809523809524
22 0.37154273107804775
23 0.30070885904219236
24 0.2587962962962963
25 0.3412698412698413
26 0.2727229780801209
27 0.41490879977722084
28 0.4194474902534113
29 0.41490879977722084
30 0.2845087782587783
31 0.2417782738095238
32 0.18518713040771867
33 0.22860838779956427
34 0.32623456790123456
35 0.2650094875913328
36 0.2824170524691358
37 0.3340226324601324
38 0.2996373996373996
39 0.36341969373219374
40 0.28228715728715725
41 0.2768664784289784
42 0.34224801433134766
43 0.3070409549689441
44 0.3668650793650794
45 0.28968821211468276
46 0.17758537758537757
47 0.22675137362637365
48 0.2285515873015873
49 0.23371212121212123
50 0.24500000000000002
51 0.3477272727272727
52 0.19988722697056033
53 0.3420830365622032
54 0.23021418152997103
55 0.2606060606060606
56 0.23427353896103897
57 0.40356040564373896
58 0.3587017311798013
59 0.3474816176470588
60 0.31121999936338174
61 0.2983726343101343
62 0.36941656828020464
63 0.3330439814814815
64 0.3243725410392077
65 0.35813492063492064
66 0.35074404761904765
67 0.3536706349206349
68 0.20794973544973547
69 0.3249285471183713
70 0.22952057384623176
71 0.20727325336700336
72 0.3163110698824984
73 0.187039627039627
74 0.2706565656565657
75 0.40349151234567904
76 0.38615070662768036
77 0.29653679653679654
78 0.35085978835978837
79 0.3601745203697608
80 0.3088770230314348
81 0.3193142736892737
82 0.28953410594035595
83 0.2734421662993092
84 0.2742054597823828
85 0.21742424242424244
86 0.15717592592592594
87 0.32666062332728996
88 0.2623477539163814
89 0.31305555555555553
90 0.34704415954415957
91 0.3490740740740741
92 0.3604859652194211
93 0.3984152752009895
94 0.2859587438914362
95 0.2788987613374575
96 0.254624766573296
97 0.20629105462438796
98 0.21900183150183153
99 0.35983846400513064
100 0.3320821809363476
101 0.32694062265429047
102 0.28269771894771895
103 0.3235479797979798
104 0.2417635537120831
105 0.31875000000000003
106 0.31388120624231736
107 0.2873119212962963
108 0.2279761904761905
109 0.2112087912087912
110 0.3490575396825397
111 0.2798115079365079
112 0.31986947556800494
113 0.29965418266071864
114 0.1692341430499325
115 0.36824741891706175
116 0.37084151959151956
117 0.3159608068698978
118 0.23636814574314577
119 0.30716145833333336
120 0.2668606277981278
121 0.23172198172198172
122 0.22486383442265795
123 0.3216044372294372
124 0.2808725707163207
125 0.2935380591630592
126 0.3015311655936656
127 0.3331119660067029
128 0.37479860825449063
129 0.3606292517006803
130 0.32849008290184756
131 0.37422839506172845
132 0.37485853909465017
133 0.339766946016946
134 0.3005608974358974
135 0.33386867211271976
136 0.328164385869978
137 0.3532396933132227
138 0.35217328967328965
139 0.28191852210492563
140 0.35174501424501425
141 0.3658257747543462
142 0.3258884055759056
143 0.2825051932194789
144 0.36398918922957385
145 0.3323404271382212
146 0.2986615206386448
147 0.38170371295371297
148 0.27344907407407404
149 0.3177489177489178
150 0.3324905656707128
151 0.31950644841269843
152 0.3065981240981241
153 0.30257716049382716
154 0.3429972804972805
155 0.3419837730707296
156 0.316006216006216
157 0.3149024708235234
158 0.34438832772166106
159 0.3494230499438833
160 0.2279431216931217
161 0.28844246031746035
162 0.2878430049482681
163 0.3044378306878307
164 0.3153819034500853
165 0.2683994708994709
166 0.30230379188712525
167 0.26933251933251934
168 0.331983024691358
169 0.30406537906537906
170 0.32059549247049246
171 0.36926952798663326
172 0.3382823773448773
173 0.36926952798663326
174 0.2341631599220885
175 0.4240931545700488
176 0.3942115497671054
177 0.20071022727272725
178 0.29639779202279204
179 0.25852434602434604
180 0.3245985495985496
181 0.3347779170147591
182 0.3255700013923698
183 0.33142318015113814
184 0.35825556683593573
185 0.3561108273687531
186 0.17210567210567207
187 0.3481912546163246
188 0.28689560439560435
189 0.3765575396825397
190 0.30032650880865164
191 0.3117704831109437
192 0.2823109500110488
193 0.29951451346736435
194 0.33610743680188127
195 0.2450896851796274
196 0.2450054595701917
197 0.3225788519430761
198 0.30388167388167386
199 0.22011033953968734
200 0.3101509353741496
201 0.35213106005589667
202 0.3780257936507937
203 0.38846844293272864
204 0.3822255291005291
205 0.3694593965975545
206 0.32775723504890175
207 0.21355218855218855
208 0.2045588235294118
209 0.23318160597572365
210 0.2382360694860695
211 0.35332157554379773
212 0.3221347055722056
213 0.2842445886127355
214 0.32445987654320985
215 0.23057821807821807
216 0.2381996815820345
217 0.2776455797289131
218 0.30639400304096465
219 0.27183938397182106
220 0.275527741300521
221 0.21952646553851618
222 0.2772569444444445
223 0.2759424603174603
224 0.3596800355728927
225 0.3520078929007501
226 0.30217391304347824
227 0.14146660052910054
228 0.16544997165532882
229 0.19565883645124715
230 0.32157463995699287
231 0.2564203042328042
232 0.25520502645502646
233 0.343150037792895
234 0.3321239606953893
235 0.24926020194402548
236 0.2978139589169001
237 0.3511047596648087
238 0.3984881052589386
239 0.14737554112554113
240 0.21626984126984128
241 0.2716409394698869
242 0.2986541005291005
243 0.23917719134437398
244 0.2700119407708694
245 0.2781294965322743
246 0.26214703666960615
247 0.18643239811718074
248 0.22938567649281935
249 0.39672227973314933
250 0.36788639601139606
251 0.2504273504273504
252 0.32551765364265367
253 0.2913731614389509
254 0.2984427609427609
255 0.3072673513849985
256 0.30603637520930754
257 0.29458774250440917
258 0.3111111111111111
259 0.22205541613242852
260 0.23909600389863545
261 0.28624370999371
262 0.35559018527768527
263 0.20094722985347985
264 0.24018912278716198
265 0.2823233182161754
266 0.29790649165649163
267 0.3350694444444444
268 0.2845238095238095
269 0.19585622710622713
270 0.3236317791005291
271 0.304985754985755
272 0.2755571117335823
273 0.3005501443001443
274 0.3466212606837607
275 0.3316385582010582
276 0.20321599696599696
277 0.34147652116402116
278 0.35291912035333084
279 0.3214684042809043
280 0.32991221741221743
281 0.3089704824902193
282 0.3172824199609914
283 0.28908955627705624
284 0.22338063171396505
285 0.22670429493346164
286 0.348030303030303
287 0.30709069813094236
288 0.30853785103785103
289 0.3658862433862434
290 0.3158862433862434
291 0.3158862433862434
292 0.24538239538239537
293 0.26333723701512163
294 0.26422847985347986
295 0.3106821845308687
296 0.3012674838516185
297 0.30977630840569437
298 0.2623015873015873
299 0.34803004535147397
300 0.2758739606953893
301 0.35825173503744934
302 0.27939441731108394
303 0.2890835707502374
304 0.3280784030784031
305 0.298752405002405
306 0.25863997113997117
307 0.37965737965737967
308 0.36775793650793653
309 0.35954456593243356
310 0.31173764507097845
311 0.2760078463203463
312 0.32058913308913306
313 0.38612544075005373
314 0.2663312929760298
315 0.2637880006506651
316 0.33076995755567185
317 0.32935928159142447
318 0.3073762051440623
319 0.31179086696132147
320 0.28331078643578644
321 0.2595195876989355
322 0.2750606492273159
323 0.26722983213367835
324 0.29757765382765383
325 0.22103797822547822
326 0.2269041334482511
327 0.34864475741120476
328 0.3414132316270474
329 0.3833353551858454
330 0.2863848108413326
331 0.33349655326557504
332 0.2960210920032349
333 0.33589743589743587
334 0.3709277296777297
335 0.33273770846870265
336 0.27109477456699677
337 0.3031165593665594
338 0.28149370409432334
339 0.339457929636501
340 0.3679873211911027
341 0.3820167824074074
342 0.20447781385281386
343 0.18076599326599327
344 0.303123897707231
345 0.32737186253811873
346 0.3553650342712843
347 0.38391889675980584
348 0.250657367324034
349 0.2637738496071829
350 0.3042703823953824
351 0.33122699161847513
352 0.3797978058500288
353 0.46167499590283523
354 0.33532761186746696
355 0.3696573515769944
356 0.3600026709401709
357 0.30283303557113084
358 0.43076812847646184
359 0.362238455988456
360 0.3539210053151156
361 0.36884874384874383
362 0.2541053339664451
363 0.34479166666666666
364 0.3480940176996724
365 0.34167619605968025
366 0.2974274490941158
367 0.3183080892171801
368 0.2335451071562183
369 0.3114113188765967
370 0.4003051346801346
371 0.41882365319865317
372 0.3656926406926407
373 0.33472222222222225
374 0.3289156445406445
375 0.33223489473489476
376 0.3157271711366539
377 0.3023148148148148
378 0.27688492063492065
379 0.37244897959183676
380 0.33588113275613274
381 0.31116804202741705
382 0.1433264277933396
383 0.370562704248366
384 0.30576294166980444
385 0.37892982991667207
386 0.3089266379707556
387 0.32953408770716464
388 0.35646783771783774
389 0.33671987734487735
390 0.2723153661879152
391 0.26223949731208407
392 0.36008284779064836
393 0.15745823620823624
394 0.20764763014763016
395 0.23634328877749927
396 0.2861289173789174
397 0.23529942279942279
398 0.338260582010582
399 0.43032407407407414
400 0.3834623854155104
401 0.460255668328585
402 0.33785103785103787
403 0.3685428338001867
404 0.3077713952713953
405 0.40271327052577055
406 0.27348484848484844
407 0.3803300865800866
408 0.3328861531986532
409 0.36418560606060607
410 0.3132711038961039
411 0.27154631083202513
412 0.3459057439543865
413 0.4198653198653199
414 0.3978595478595479
415 0.3168235662588796
416 0.3809144863421179
417 0.2525437506788313
418 0.3150911588411588
419 0.41164351851851855
420 0.4277237157489258
421 0.3513577626077626
422 0.3125961113532624
423 0.34718101343101343
424 0.289655961322628
425 0.29923039923039924
426 0.33464538593215065
427 0.42043650793650794
428 0.27415584415584415
429 0.30207738168264486
430 0.3131482233044733
431 0.3304302422723475
432 0.41377314814814814
433 0.2108261433782267
434 0.42468508181227477
435 0.4337771242068117
436 0.32034724534724535
437 0.33796098742527314
438 0.28694734085359086
439 0.27347751710654933
440 0.38815658137553566
441 0.3148258377425044
442 0.2724867724867725
443 0.3212374693908785
444 0.378065453065453
445 0.30787410650691904
446 0.4058747881868797
447 0.36975308641975313
448 0.3756736704653372
449 0.4060044893378227
450 0.34676638176638175
451 0.3424176627466101
452 0.30011258582687156
453 0.35295062576312575
454 0.21351010101010104
455 0.26617108585858584
456 0.38615575396825397
457 0.3714684852184852
458 0.26708803179391416
459 0.3220870853683354
460 0.3643039733171312
461 0.3207814754689755
462 0.37054279825113157
463 0.34449341168091174
464 0.3040600214444752
465 0.30158730158730157
466 0.29316442816442817
467 0.3549637172527198
468 0.3275896538597073
469 0.3135732323232323
470 0.3377506684491979
471 0.3712239583333333
472 0.310508983686067
473 0.3057370439003694
474 0.2929232804232804
475 0.2399671052631579
476 0.30138888888888893
477 0.3517976997417787
478 0.34582719835299813
479 0.2919048046569055
480 0.34644129602112794
481 0.3579828042328042
482 0.3235622881059732
483 0.32142684637957747
484 0.33949804280686635
485 0.3673381677845964
486 0.3992901234567901
487 0.34392919089888785
488 0.36994533244533245
489 0.2788603628881407
490 0.3333333333333333
491 0.36593626054410366
492 0.3590538083920437
493 0.29015151515151516
494 0.20823412698412702
495 0.32274423658352236
496 0.46382575757575756
497 0.2178222703222703
498 0.2697771078128221
499 0.38519217687074825
500 0.3725575959128591
501 0.31957113823067773
502 0.3063128422503423
503 0.3065243445709777
504 0.30674543049543046
505 0.37858877233877236
506 0.3497749935249935
507 0.3368223046794475
508 0.3306130834976988
509 0.3457003914796123
510 0.2655864197530864
511 0.24984705687830688
512 0.31495744552029564
513 0.28648104540961683
514 0.35191842879342883
515 0.29991181657848326
516 0.33055555555555555
517 0.3153453689167975
518 0.3004807692307693
519 0.3500806677890011
520 0.31875329191505664
521 0.3630787706445601
522 0.33980536659108085
523 0.19014236077206004
524 0.24516201217329037
525 0.3304647785039942
526 0.2771964436026936
527 0.32081396447467875
528 0.33887709512709513
529 0.4104702326293236
530 0.39683230793964486
531 0.3670672155273605
532 0.3175925925925926
533 0.3224563606367741
534 0.38825597145909646
535 0.26733992586933764
536 0.291468253968254
537 0.23444329422590293
538 0.3041711375044709
539 0.4074880854031051
540 0.4008390492251729
541 0.3349953865578865
542 0.4290242165242165
543 0.2397843705383388
544 0.3841879290742927
545 0.29787195938981653
546 0.4100678935996396
547 0.2890766640766641
548 0.3242162109905918
549 0.38328470276999693
550 0.2957025245995834
551 0.3503869696026559
552 0.2740889960208142
553 0.3176215619397437
554 0.32699464886964885
555 0.33240546218487393
556 0.3080047113380447
557 0.38149822807911044
558 0.3184766126730413
559 0.3692129629629629
560 0.32290931804820694
561 0.3137471983392123
562 0.3040359165108538
563 0.38455428004535147
564 0.10136217948717947
565 0.37234996484996485
566 0.3241206941206941
567 0.4313592657342657
568 0.2540208791708042
569 0.33301782708032707
570 0.38578296703296705
571 0.3802346611721612
572 0.28900387806637806
573 0.35634469696969695
574 0.3759642318465848
575 0.3824271985730319
576 0.3479093167181403
577 0.2783288635967207
578 0.2319279679827347
579 0.33165464165464165
580 0.3213199507607402
581 0.3518303556465321
582 0.3774884259259259
583 0.3705241402116402
584 0.3516897512210012
585 0.3685274665421724
586 0.468287037037037
587 0.3438620902906617
588 0.3091377885550818
589 0.3506449731230433
590 0.35743699526594264
591 0.20835622710622714
592 0.3132883201357466
593 0.3485347985347985
594 0.295969940651846
595 0.312512025012025
596 0.27508192039442037
597 0.26936580009496675
598 0.3409662867996201
599 0.2734398831621053
600 0.34565696150254976
601 0.403897607022607
602 0.2608040438397581
603 0.3339781746031746
604 0.35002405002405
605 0.3584299959299959
606 0.34192871172037836
607 0.3202860620450648
608 0.28663954710007344
609 0.22331523252575883
610 0.25028613199665833
611 0.32867832372440664
612 0.3910090187590187
613 0.2973657265936678
614 0.3891250944822373
615 0.378678572483397
616 0.2931412604489528
617 0.2790244708994709
618 0.46118551587301587
619 0.321577380952381
620 0.3257389601139601
621 0.3364858906525573
622 0.4196722162867996
623 0.2689338439338439
624 0.36546474358974357
625 0.38924062049062047
626 0.2839022667147667
627 0.38306878306878306
628 0.3209060119774405
629 0.29963849807599807
630 0.3442891655820577
631 0.35563592057576016
632 0.3835035403050109
633 0.3809343434343434
634 0.3355880230880231
635 0.390076759660093
636 0.2548395662978996
637 0.339378742148995
638 0.28049765590350006
639 0.2435078463203463
640 0.287975357975358
641 0.37810780473157923
642 0.31674450814350197
643 0.29448129254844224
644 0.4019749203342954
645 0.25548763736263735
646 0.25169869381825904
647 0.25356837606837607
648 0.25764423773168466
649 0.34374720302322115
650 0.2715939153439153
651 0.27635276332755326
652 0.3026652580224009
653 0.21766774891774893
654 0.21544011544011543
655 0.3194166944166944
656 0.3349417892156863
657 0.3529198330566795
658 0.2805794242068752
659 0.33108509973190053
660 0.3366071428571429
661 0.3189643111518111
662 0.32858287545787546
663 0.3226101165103723
664 0.26914592352092354
665 0.3156489343989344
666 0.347155612244898
667 0.24906635802469135
668 0.2745741222714907
669 0.36011400043061226
670 0.3014759700176367
671 0.15745192307692307
672 0.2325131548345834
673 0.2700633030990174
674 0.27312242798353914
675 0.21712962962962962
676 0.3299307917611489
677 0.24659759993093328
678 0.3382348405664969
679 0.3419607880545381
680 0.2996861645299145
681 0.3628047052154195
682 0.3499343597087958
683 0.3158333333333333
684 0.24261363636363636
685 0.2326976778365667
686 0.28503925120772944
687 0.2800414862914863
688 0.28503925120772944
689 0.3506613756613757
690 0.320762168827645
691 0.3729092261904762
692 0.3270951579284913
693 0.33188131313131314
694 0.28514991181657845
695 0.3115740740740741
696 0.2920978104092139
697 0.3663622334455668
698 0.36623530790197456
699 0.3607217448382862
700 0.3363368939261797
701 0.38224164665866345
702 0.21417448292448293
703 0.19134920634920632
704 0.4144148757988043
705 0.34119103449460597
706 0.34519235724592867
707 0.3256556508350767
708 0.31312003968253965
709 0.2870211385836386
710 0.32349891106835554
711 0.369789695900807
712 0.33259379509379505
713 0.29344080687830687
714 0.26593088624338623
715 0.30908564814814815
716 0.3655299272486773
717 0.3655299272486773
718 0.37676504629629626
719 0.27371349715099713
720 0.25530202821869485

Avg. combined metric: 0.3127453320597867
